time 2025-11-23T08:30:00 2025-11-23T09:00:00 2025-11-23T09:30:00 2025-11-23T10:00:00 2025-11-23T10:30:00 2025-11-23T11:00:00 2025-11-23T11:30:00 2025-11-23T12:00:00 2025-11-23T12:30:00 2025-11-23T13:00:00 2025-11-23T13:30:00 2025-11-23T14:00:00 2025-11-23T14:30:00 2025-11-23T15:00:00 2025-11-23T15:30:00 2025-11-23T16:00:00 2025-11-23T16:30:00 2025-11-23T17:00:00 2025-11-23T17:30:00 2025-11-23T18:00:00 2025-11-23T18:30:00 2025-11-23T19:00:00 2025-11-23T19:30:00 2025-11-23T20:00:00 2025-11-23T20:30:00 2025-11-23T21:00:00 2025-11-23T21:30:00 2025-11-23T22:00:00 2025-11-23T22:30:00 2025-11-23T23:00:00 2025-11-23T23:30:00 2025-11-24T00:00:00 2025-11-24T00:30:00 2025-11-24T01:00:00 2025-11-24T01:30:00 2025-11-24T02:00:00 2025-11-24T02:30:00 2025-11-24T03:00:00 2025-11-24T03:30:00 2025-11-24T04:00:00 2025-11-24T04:30:00 2025-11-24T05:00:00 2025-11-24T05:30:00 2025-11-24T06:00:00 2025-11-24T06:30:00 2025-11-24T07:00:00 2025-11-24T07:30:00 2025-11-24T08:00:00 2025-11-24T08:30:00 2025-11-24T09:00:00 2025-11-24T09:30:00
height 1027.33 1186.51 1366.20 1566.26 1791.79 2048.03 2335.10 2653.17 3007.78 3404.00 3841.11 4318.89 4817.59 5318.12 5821.12 6325.87 6831.84 7339.39 7849.67 8364.02 8883.01 9406.08 9932.61 10462.79 10997.01 11535.61 12077.75 12622.20 13169.34 13720.50 14278.28 14846.06 15428.04 16026.58 16642.39 17280.11 17948.04 18655.48 19416.14 20242.90 21146.20 22145.27 23194.24
0 0 0 0 0 0 0 0 0 0 0 0 0 0 0 0 0 0 0 0 0 0 0 0 0 0 0 0 0 0 0 0 0 0 0 0 0 0 0 0 0 0 0 0 0 0 0 0 0 0 0
0 0 0 0 0 0 0 0 0 0 0 0 0 0 0 0 0 0 0 0 0 0 0 0 0 0 0 0 0 0 0 0 0 0 0 0 0 0 0 0 0 0 0 0 0 0 0 0 0 0 0
0 0 0 0 0 0 0 0 0 0 0 0 0 0 0 0 0 0 0 0 0 0 0 0 0 0 0 0 0 0 0 0 0 0 0 0 0 0 0 0 0 0 0 0 0 0 0 0 0 0 0
0 0 0 0 0 0 0 0 0 0 0 0 0 0 0 0 0 0 0 0 0 0 0 0 0 0 0 0 0 0 0 0 0 0 0 0 0 0 0 0 0 0 0 0 0 0 0 0 0 0 0
0 0 0 0 0 0 0 0 0 0 0 0 0 0 0 0 0 0 0 0 0 0 0 0 0 0 0 0 0 0 0 0 0 0 0 0 0 0 0 0 0 0 0 0 0 0 0 0 0 0 0
0 0 0 2 1 0 0 0 0 0 0 0 0 0 0 0 0 0 0 0 0 0 0 0 0 0 0 0 0 0 0 0 0 0 0 0 0 0 0 0 0 0 0 0 0 0 0 0 0 0 0
0 0 0 0 0 2 0 0 0 0 0 0 0 0 0 0 0 0 0 0 0 0 0 0 0 0 0 0 0 0 0 0 0 0 0 0 0 0 0 0 0 0 0 0 0 0 0 0 0 0 0
0 0 0 0 0 0 0 0 0 0 0 0 0 0 0 0 0 0 0 0 0 0 0 0 0 0 0 0 0 0 0 0 0 0 0 0 0 0 0 0 0 0 0 0 0 0 0 0 0 0 0
0 0 0 0 0 0 0 1 0 0 0 0 0 0 0 0 0 0 0 0 0 0 0 0 0 0 0 0 0 0 0 0 0 0 0 0 0 0 0 0 0 0 0 0 0 0 0 0 0 0 0
0 0 0 0 0 2 0 2 1 1 1 0 0 0 0 0 0 0 0 0 0 0 0 0 0 0 0 0 0 0 0 0 0 0 0 0 0 0 0 0 0 0 0 0 0 0 0 0 0 0 0
0 0 0 0 0 0 0 0 0 0 0 0 1 0 1 0 0 0 0 0 0 0 0 0 0 0 0 0 0 0 0 0 0 0 0 0 0 0 0 0 0 0 1 0 1 0 0 0 0 0 0
0 0 0 0 0 0 0 0 0 0 0 0 0 0 0 0 0 0 1 1 0 0 0 0 0 0 0 0 0 0 0 0 0 0 0 0 0 0 0 0 0 0 0 0 2 2 0 0 0 0 0
0 0 0 0 0 0 0 0 0 0 0 1 1 0 0 0 0 0 0 0 0 0 0 0 0 0 0 0 0 0 0 0 0 0 0 0 0 0 0 0 1 2 4 8 5 3 0 0 0 0 0
0 0 0 0 0 0 0 0 0 0 0 0 0 0 0 0 0 0 0 0 0 0 0 0 0 0 0 0 0 0 0 0 0 0 0 0 0 0 0 0 0 0 2 7 4 11 6 0 0 0 0
0 0 0 0 0 0 0 0 0 0 0 0 0 0 0 0 0 0 0 0 0 0 0 0 0 0 0 0 0 0 0 0 0 0 0 0 0 0 0 0 0 2 0 6 6 7 3 1 0 0 0
0 0 0 0 0 0 0 0 0 0 0 0 0 0 0 0 0 0 0 0 2 0 0 0 0 0 0 0 1 0 0 0 1 1 0 0 0 0 0 1 3 0 0 10 2 2 2 1 0 0 0
0 0 0 0 0 0 0 0 0 0 0 0 0 0 0 0 0 0 0 0 2 1 0 2 1 2 0 0 0 1 3 0 1 1 0 1 1 4 1 2 0 0 5 5 3 6 2 0 0 0 0
0 0 0 1 0 0 0 0 0 2 0 0 0 0 1 0 1 0 0 0 1 1 1 0 1 1 2 2 1 1 2 2 0 0 1 2 1 0 2 2 1 0 1 0 4 4 0 0 0 0 0
0 0 1 0 0 2 1 0 1 1 1 0 2 3 2 1 3 0 0 1 0 1 0 1 0 0 3 0 2 1 1 2 1 0 1 0 1 1 2 4 1 2 2 4 1 0 1 0 0 0 0
1 0 3 3 0 0 0 1 3 0 0 0 1 1 0 1 0 0 0 0 0 0 1 0 0 1 0 1 0 1 0 0 1 1 1 4 1 0 1 1 0 0 0 1 0 0 0 0 0 0 0
1 0 1 0 0 1 0 1 3 6 4 5 2 0 2 3 2 2 4 1 0 0 0 0 1 0 1 1 0 1 2 0 1 0 0 1 0 0 0 0 0 0 0 0 0 0 0 0 0 0 0
2 0 0 0 0 2 1 4 4 1 0 2 1 2 0 2 1 1 0 1 0 0 0 1 0 0 3 0 0 1 1 0 1 0 0 1 1 0 0 0 0 0 0 0 0 0 0 0 0 0 0
0 0 2 0 0 2 0 5 1 4 2 3 4 1 4 3 2 4 1 4 4 4 7 0 1 2 3 6 1 3 3 1 1 2 3 0 3 1 1 0 0 0 0 0 0 0 0 0 0 0 0
1 1 0 2 1 2 1 1 1 2 3 4 1 3 1 0 1 2 1 1 3 1 0 2 1 1 0 5 3 2 0 1 0 1 4 1 2 0 3 3 1 1 0 0 0 0 0 0 0 0 0
3 3 1 3 3 1 3 4 0 2 3 0 0 3 1 1 1 0 2 0 1 0 1 0 1 0 3 0 0 0 0 0 1 0 2 1 1 0 0 0 0 0 0 0 0 0 0 0 0 0 0
3 0 0 1 3 1 6 1 1 0 1 0 0 2 0 0 2 0 5 3 0 0 0 1 0 0 0 0 0 4 0 0 0 0 0 0 0 0 0 0 0 0 0 0 0 0 0 0 0 0 0
0 3 2 3 3 1 1 0 0 1 1 2 1 2 0 0 0 1 1 1 0 1 1 2 0 0 2 1 0 1 1 0 0 0 0 0 0 0 0 0 0 0 0 0 0 0 0 0 0 0 0
0 0 0 1 2 0 0 0 0 0 0 0 1 1 2 1 2 0 0 1 0 0 0 0 0 0 0 0 0 0 0 0 0 0 0 0 0 0 0 0 0 0 0 0 0 0 0 0 0 0 0
1 0 0 0 2 0 0 0 0 0 0 0 0 0 0 2 0 0 1 0 0 0 0 0 0 0 0 0 0 0 0 0 0 0 0 0 0 0 0 0 0 0 0 0 0 0 0 0 0 0 0
0 0 2 0 2 0 0 1 1 0 0 0 1 0 0 0 0 0 0 0 0 0 0 0 0 0 0 0 0 0 0 0 0 0 0 0 0 0 0 0 0 0 0 0 0 0 0 0 0 0 0
0 0 0 0 0 0 1 0 0 0 0 0 0 0 0 0 0 0 0 0 0 0 0 0 0 0 0 0 0 0 0 0 0 0 0 0 0 0 0 0 0 0 0 0 0 0 0 0 0 0 0
0 0 0 0 0 0 0 0 0 0 0 0 0 0 0 0 0 0 0 0 0 0 0 0 0 0 0 0 0 0 0 0 0 0 0 0 0 0 0 0 0 0 0 0 0 0 0 0 0 0 0
0 0 0 0 0 0 0 0 0 0 0 0 0 0 0 0 0 0 0 0 0 0 0 0 0 0 0 0 0 0 0 0 0 0 0 0 0 0 0 0 0 0 0 0 0 0 0 0 0 0 0
0 0 0 0 0 0 0 0 0 0 0 0 0 0 0 0 0 0 0 0 0 0 0 0 0 0 0 0 0 0 0 0 0 0 0 0 0 0 0 0 0 0 0 0 0 0 0 0 0 0 0
0 0 0 0 0 0 0 0 0 0 0 0 0 0 0 0 0 0 0 0 0 0 0 0 0 0 0 0 0 0 0 0 0 0 0 0 0 0 0 0 0 0 0 0 0 0 0 0 0 0 0
0 0 0 0 0 0 0 0 0 0 0 0 0 0 0 0 0 0 0 0 0 0 0 0 0 0 0 0 0 0 0 0 0 0 0 0 0 0 0 0 0 0 0 0 0 0 0 0 0 0 0
0 0 0 0 0 0 0 0 0 0 0 0 0 0 0 0 0 0 0 0 0 0 0 0 0 0 0 0 0 0 0 0 0 0 0 0 0 0 0 0 0 0 0 0 0 0 0 0 0 0 0
0 0 0 0 0 0 0 0 0 0 0 0 0 0 0 0 0 0 0 0 0 0 0 0 0 0 0 0 0 0 0 0 0 0 0 0 0 0 0 0 0 0 0 0 0 0 0 0 0 0 0
0 0 0 0 0 0 0 0 0 0 0 0 0 0 0 0 0 0 0 0 0 0 0 0 0 0 0 0 0 0 0 0 0 0 0 0 0 0 0 0 0 0 0 0 0 0 0 0 0 0 0
0 0 0 0 0 0 0 0 0 0 0 0 0 0 0 0 0 0 0 0 0 0 0 0 0 0 0 0 0 0 0 0 0 0 0 0 0 0 0 0 0 0 0 0 0 0 0 0 0 0 0
0 0 0 0 0 0 0 0 0 0 0 0 0 0 0 0 0 0 0 0 0 0 0 0 0 0 0 0 0 0 0 0 0 0 0 0 0 0 0 0 0 0 0 0 0 0 0 0 0 0 0
0 0 0 0 0 0 0 0 0 0 0 0 0 0 0 0 0 0 0 0 0 0 0 0 0 0 0 0 0 0 0 0 0 0 0 0 0 0 0 0 0 0 0 0 0 0 0 0 0 0 0
0 0 0 0 0 0 0 0 0 0 0 0 0 0 0 0 0 0 0 0 0 0 0 0 0 0 0 0 0 0 0 0 0 0 0 0 0 0 0 0 0 0 0 0 0 0 0 0 0 0 0
