time 2025-11-23T08:30:00 2025-11-23T09:00:00 2025-11-23T09:30:00 2025-11-23T10:00:00 2025-11-23T10:30:00 2025-11-23T11:00:00 2025-11-23T11:30:00 2025-11-23T12:00:00 2025-11-23T12:30:00 2025-11-23T13:00:00 2025-11-23T13:30:00 2025-11-23T14:00:00 2025-11-23T14:30:00 2025-11-23T15:00:00 2025-11-23T15:30:00 2025-11-23T16:00:00 2025-11-23T16:30:00 2025-11-23T17:00:00 2025-11-23T17:30:00 2025-11-23T18:00:00 2025-11-23T18:30:00 2025-11-23T19:00:00 2025-11-23T19:30:00 2025-11-23T20:00:00 2025-11-23T20:30:00 2025-11-23T21:00:00 2025-11-23T21:30:00 2025-11-23T22:00:00 2025-11-23T22:30:00 2025-11-23T23:00:00 2025-11-23T23:30:00 2025-11-24T00:00:00 2025-11-24T00:30:00 2025-11-24T01:00:00 2025-11-24T01:30:00 2025-11-24T02:00:00 2025-11-24T02:30:00 2025-11-24T03:00:00 2025-11-24T03:30:00 2025-11-24T04:00:00 2025-11-24T04:30:00 2025-11-24T05:00:00 2025-11-24T05:30:00 2025-11-24T06:00:00 2025-11-24T06:30:00 2025-11-24T07:00:00 2025-11-24T07:30:00 2025-11-24T08:00:00 2025-11-24T08:30:00 2025-11-24T09:00:00 2025-11-24T09:30:00
height 1027.33 1186.51 1366.20 1566.26 1791.79 2048.03 2335.10 2653.17 3007.78 3404.00 3841.11 4318.89 4817.59 5318.12 5821.12 6325.87 6831.84 7339.39 7849.67 8364.02 8883.01 9406.08 9932.61 10462.79 10997.01 11535.61 12077.75 12622.20 13169.34 13720.50 14278.28 14846.06 15428.04 16026.58 16642.39 17280.11 17948.04 18655.48 19416.14 20242.90 21146.20 22145.27 23194.24
0 0 0 0 0 0 1 0 0 0 1 0 0 0 0 0 0 0 0 0 0 0 0 0 0 0 0 0 0 0 0 0 0 0 0 0 0 0 0 0 0 0 0 0 0 0 0 0 0 0 2
0 2 1 1 1 0 0 0 0 0 0 0 0 0 0 0 0 0 0 0 0 0 0 0 0 0 0 0 0 0 0 0 0 0 0 0 0 0 0 0 0 0 0 0 0 0 0 0 1 0 7
0 0 1 1 0 0 0 0 0 0 0 0 0 0 0 0 0 0 0 0 0 0 0 0 0 0 0 0 0 0 0 0 0 0 0 0 0 0 0 0 0 0 0 0 0 0 0 0 2 0 6
0 0 0 0 0 0 0 0 0 0 0 0 0 0 0 0 0 0 0 0 0 0 0 0 0 0 0 0 0 0 0 0 0 0 0 0 0 0 0 0 0 0 0 0 0 0 3 0 2 0 6
0 0 0 0 0 0 0 0 0 0 0 0 0 0 0 0 0 0 0 0 0 0 0 0 0 0 0 0 0 0 0 0 0 0 0 0 0 0 0 0 0 0 0 0 0 0 0 0 0 0 2
0 0 0 0 0 0 0 0 0 0 0 0 0 0 0 0 0 0 0 0 0 0 0 0 0 0 0 0 0 0 0 0 0 0 0 0 0 0 0 0 0 0 0 0 0 0 0 0 0 0 5
0 0 0 0 0 0 0 0 0 0 0 0 0 0 0 0 0 0 0 0 0 0 0 0 0 0 0 0 0 0 0 0 0 0 0 0 0 0 0 0 0 0 0 0 0 0 0 0 0 0 4
0 0 0 0 0 0 0 0 0 0 0 0 0 0 0 0 0 0 0 0 0 0 0 0 0 0 0 0 0 0 0 0 0 0 0 0 0 0 0 0 0 0 0 0 1 1 0 3 1 2 4
0 0 0 0 2 0 0 0 0 0 1 0 1 1 0 0 0 0 1 0 0 0 0 0 1 0 0 0 0 0 0 0 1 0 0 1 1 0 0 0 0 0 0 0 0 1 2 2 2 3 2
0 0 3 2 2 3 1 2 1 0 5 1 3 2 5 1 0 1 1 0 1 0 1 0 0 0 0 0 0 1 0 0 0 0 0 0 0 0 0 1 0 2 0 0 3 1 0 1 1 0 1
3 1 1 0 2 0 2 3 1 1 3 1 4 4 2 0 0 3 1 2 6 3 0 0 1 2 1 0 3 1 4 1 2 2 1 2 1 0 0 0 0 0 0 0 0 0 0 0 0 2 3
5 2 3 4 2 1 1 1 3 3 0 0 0 0 0 0 0 0 0 0 1 0 1 0 1 0 3 3 3 5 1 0 1 4 5 3 3 1 1 4 1 6 3 0 1 0 0 0 0 1 6
4 2 1 4 4 10 4 3 5 4 5 4 1 1 1 0 0 0 0 0 0 0 0 0 0 0 0 0 0 0 0 2 2 1 4 4 2 1 1 0 1 1 2 3 6 0 1 0 0 0 2
1 2 9 4 3 1 5 2 7 3 2 2 8 2 1 5 1 0 0 0 0 0 0 0 0 0 0 0 0 0 0 0 0 1 2 6 8 3 6 1 0 1 3 4 2 6 4 5 2 1 1
2 4 0 5 3 6 7 2 6 4 5 9 1 5 5 2 2 4 0 0 0 0 0 0 0 0 0 0 0 0 0 0 0 0 0 3 6 4 3 4 0 0 1 2 5 2 3 4 3 0 0
0 1 7 11 10 2 7 2 4 4 2 6 4 4 3 5 1 1 0 0 0 0 0 0 0 0 0 0 0 0 0 0 0 0 0 0 0 5 4 7 2 0 1 3 3 1 2 2 2 6 0
0 1 8 4 6 8 10 4 4 6 1 3 1 7 4 10 4 1 0 0 0 0 0 0 0 0 0 0 0 0 0 0 0 0 1 3 3 10 1 5 0 0 4 7 7 5 6 2 3 1 1
0 3 5 4 4 9 7 7 4 1 2 3 3 3 3 5 3 3 0 0 0 0 0 0 0 0 0 0 0 0 0 0 1 5 1 2 4 4 7 0 0 0 6 8 2 4 6 2 0 0 2
0 1 1 5 4 7 3 1 3 6 10 8 7 8 4 4 0 0 0 0 0 0 0 0 0 0 0 0 0 0 0 1 2 5 4 3 3 2 0 0 0 1 2 3 1 3 3 1 0 0 1
1 1 4 1 1 1 2 3 3 3 5 5 4 8 6 2 0 0 0 0 0 0 0 0 0 0 0 0 0 1 0 1 5 2 4 3 0 1 2 0 2 3 5 8 0 0 0 0 0 0 2
0 3 1 2 3 1 4 1 2 1 0 5 1 3 3 3 6 7 1 2 1 3 0 2 2 1 6 1 2 0 2 1 2 3 1 7 0 1 4 2 2 3 1 0 1 0 0 0 0 2 5
0 4 3 2 5 3 4 3 1 2 0 0 2 2 1 0 3 0 1 2 1 1 2 2 2 5 5 2 5 3 1 5 2 1 3 2 3 7 4 2 2 1 0 0 0 0 0 1 0 0 5
1 3 5 3 3 5 4 0 0 0 0 0 1 0 0 0 0 1 0 0 0 0 0 0 0 0 0 0 0 0 0 0 2 0 2 0 3 3 2 1 0 0 0 0 0 0 0 1 0 5 6
1 5 6 3 4 1 1 0 0 0 0 0 0 0 0 0 0 0 0 0 0 0 0 0 0 0 0 0 0 0 0 0 2 3 1 3 1 1 1 0 0 2 0 0 0 0 0 0 0 1 8
0 1 4 0 0 0 0 0 0 0 0 0 0 0 0 0 1 0 0 0 0 0 0 1 0 0 0 0 0 0 0 1 0 1 3 1 0 0 1 0 0 3 0 0 0 0 0 0 0 0 3
0 0 0 0 0 0 1 0 0 0 2 0 0 0 0 0 0 0 1 0 0 0 0 0 0 0 0 0 0 0 0 1 2 0 0 0 0 0 0 2 2 2 1 0 0 0 0 0 0 3 7
0 0 0 0 1 0 0 0 0 0 0 1 0 2 0 0 1 0 0 0 0 0 2 3 0 0 0 0 0 0 0 0 0 0 0 2 0 1 0 3 0 1 0 0 0 0 0 0 0 2 5
0 0 0 0 1 0 0 0 0 0 0 0 0 0 0 1 0 0 0 1 2 0 1 0 0 0 0 0 0 1 0 1 0 1 1 1 0 1 0 1 0 0 0 0 0 0 0 0 1 2 5
0 0 0 0 0 0 0 0 0 0 0 0 0 1 0 2 0 0 0 0 0 0 0 0 0 0 0 2 1 0 1 0 0 0 0 0 1 0 0 0 0 0 0 0 0 0 0 0 0 0 10
0 0 0 0 1 0 2 1 1 1 0 0 0 0 0 0 0 0 0 0 0 0 0 0 0 0 1 2 0 0 0 0 0 0 0 0 0 0 0 0 0 0 0 0 0 2 0 1 0 0 10
0 0 0 0 0 1 1 0 0 1 0 1 1 0 0 0 0 0 0 1 0 1 0 0 1 0 2 0 0 1 0 1 1 0 0 0 0 0 0 0 0 0 0 0 0 0 0 0 0 0 8
0 0 0 0 0 0 1 0 0 0 0 0 0 0 0 0 0 0 0 0 0 0 0 0 0 0 0 0 0 0 0 0 0 0 0 0 0 0 0 1 0 0 0 0 0 1 0 0 0 0 10
0 0 0 0 0 0 0 0 0 0 0 0 0 0 0 0 0 0 0 0 0 0 0 0 0 0 0 0 0 0 0 0 0 0 1 0 0 0 0 0 0 1 1 1 1 0 0 0 0 0 5
0 0 0 0 0 0 0 0 0 0 0 0 0 0 0 0 0 0 1 0 0 0 0 1 0 0 0 0 1 0 0 0 0 0 0 0 0 0 0 0 1 1 0 0 1 0 0 0 0 0 7
0 0 0 0 0 0 0 0 0 0 0 0 1 0 0 0 0 0 0 0 0 0 0 0 0 0 0 0 0 0 0 0 0 0 0 0 0 0 0 1 0 0 0 0 0 1 1 0 0 0 3
0 0 0 0 0 0 0 1 0 0 0 0 0 0 0 0 0 0 0 0 0 0 0 0 0 0 0 0 0 0 0 0 0 0 0 1 0 0 0 0 0 0 0 0 0 0 0 2 0 0 5
0 0 0 0 0 0 0 0 0 0 0 0 0 0 0 0 0 0 0 0 0 0 0 0 0 0 0 0 0 0 0 0 0 0 0 0 0 0 0 0 0 0 1 0 0 0 0 0 0 2 4
0 0 0 0 0 0 0 0 0 1 0 0 0 0 0 0 0 0 0 0 0 0 0 0 0 0 0 0 0 0 0 0 0 0 0 0 0 0 0 0 0 0 1 2 0 1 1 1 0 0 5
0 0 0 0 0 0 0 0 0 0 0 0 0 1 0 0 0 0 0 0 0 1 0 0 0 0 0 0 0 0 0 0 0 0 0 0 0 0 0 0 0 0 2 0 0 0 0 0 0 0 3
0 0 0 0 0 0 0 0 0 0 0 0 0 0 0 0 0 0 0 0 0 0 0 0 0 0 0 0 0 0 0 0 0 0 0 0 0 0 0 0 0 0 0 0 0 0 0 0 0 0 3
0 0 0 0 0 0 0 0 0 0 0 0 0 0 0 0 0 0 0 0 0 0 0 0 0 0 0 1 0 0 0 0 0 0 0 0 0 0 0 0 0 0 0 0 0 0 2 0 0 1 1
0 0 0 0 0 0 0 0 0 0 0 0 0 0 0 0 0 0 0 0 0 0 1 0 0 0 0 0 0 0 0 0 0 0 0 0 0 0 0 0 0 0 0 1 0 0 0 0 0 0 1
0 0 0 0 0 0 0 0 0 0 0 0 0 1 1 0 0 0 0 0 0 0 0 0 0 0 0 0 0 0 0 0 0 0 0 0 0 0 0 0 0 0 0 0 0 0 0 0 0 0 0
